sensitive control hub id:
120
161
162
163
164
165
166
167
168
169
170
179
191
209
237
286
288
371
519
553
623
683
696
719
727
728
729
730
778
891
920
921
997
1029
1083
1202
1204
1206
1384
1468
1469
1487
1617
1624
1630
1643
1721
1722
1734
1784
1800
1811
1911
1952
2029
2031
2091
2229
2238
2253
2280
2293
2296
2298
2300
2414
2537
2544
2582
2593
2601
2630
2682
2683
2800
2908
2909
2963
3012
3021
3043
3079
3112
3116
3120
3121
3122
3143
3221
3224
3389
3390
3420
3421
3479
3504
3528
3556
3668
3670
3672
3682
3823
3839
3878
3974
4054
4147
4172
4200
4247
4272
4299
4312
4365
4472
4714
4726
4737
4784
4813
4830
4841
4842
4899
4929
4999
5029
5122
5124
5215
5263
5302
5403
5427
5429
5526
5528
5598
5638
5732
5744
5749
5785
5822
5839
5840
5861
5893
5897
5952
6001
6064
6148
6166
6219
6228
6277
6425
6603
6667
6673
6701
6779
6780
6783
6793
6875
6886
6921
6951
6964
6982
